73.8
30.98
373.94
220.5
1.637
1.833
2.012
2.096
2.143
0.719
1.263
1.475
1.722
1.839
1.872
2.024
1.410
1.540
0.760
1.010
1.080
0.740
1.350
1.340
0.976
1.531
1.944
1.956
2.025
2.065
0.703
1.231
1.697
1.835
1.958
0.635
1.110
1.640
1.770
1.167
1.672
1.766
1.772
1.909
2.011
0.600
1.120
1.610
0.753
1.195
1.444
1.458
1.682
1.864
0.861
1.089
1.272
1.431
1.517
0.875
1.146
1.238
1.293
1.335
0.532
0.660
0.789
0.902
1.091
0.545
0.745
0.911
1.039
1.139
0.657
0.898
1.029
1.080
1.120
1.036
0.697
0.875
0.956
0.997
1.025
0.878
0.466
0.620
0.752
0.857
0.924
0.902
0.553
0.804
0.906
0.915
0.989
0.769
0.351
0.598
0.789
0.947
1.047
0.803
0.689